SI-02M1:PS-FCH +100 +4.276 +099.9 +0.372 +095.5
SI-03M1:PS-FCH +100 -0.017 -046.4 -0.048 -076.7
SI-04M1:PS-FCH +100 +4.160 +099.8 -0.285 -096.1
SI-05M1:PS-FCH +100 +4.259 +099.8 -0.254 -068.4
SI-06M1:PS-FCH +100 +3.976 +099.8 +0.144 +085.1
SI-07M1:PS-FCH +100 +4.022 +099.8 +0.201 +084.4
SI-08M1:PS-FCH +100 +4.118 +099.9 -0.126 -049.8
SI-09M1:PS-FCH +100 +4.159 +099.9 -0.247 -088.7
SI-10M1:PS-FCH +100 +3.547 +099.9 +0.336 +086.9
SI-11M1:PS-FCH +100 +3.953 +099.9 +0.029 +009.0
SI-12M1:PS-FCH +100 +3.924 +099.9 -0.323 -093.0
SI-13M1:PS-FCH +100 +3.939 +099.9 -0.107 -038.4
SI-14M1:PS-FCH +100 +3.718 +099.9 +0.331 +079.5
SI-15M1:PS-FCH +100 +3.765 +099.9 +0.257 +063.6
SI-16M1:PS-FCH +100 +3.762 +099.9 -0.173 -048.0
SI-17M1:PS-FCH +100 +3.839 +099.9 -0.297 -089.4
SI-18M1:PS-FCH +100 +3.428 +099.9 +0.092 +087.1
SI-19M1:PS-FCH +100 +3.903 +099.9 +0.108 +064.4
SI-20M1:PS-FCH +100 +3.851 +099.8 -0.056 -029.0
SI-01M1:PS-FCH +100 +3.580 +099.9 -0.064 -059.7

SI-01M2:PS-FCH +100 +3.720 +099.8 -0.093 -031.0
SI-02M2:PS-FCH +100 +4.208 +099.8 +0.310 +083.3
SI-03M2:PS-FCH +100 +0.040 +076.1 -0.033 -042.8
SI-04M2:PS-FCH +100 +4.114 +099.9 -0.199 -060.6
SI-05M2:PS-FCH +100 +4.005 +099.9 +0.173 +067.2
SI-06M2:PS-FCH +100 +3.939 +099.9 +0.207 +086.6
SI-07M2:PS-FCH +100 +3.839 +099.9 -0.027 -014.1
SI-08M2:PS-FCH +100 +3.977 +099.9 -0.068 -061.8
SI-09M2:PS-FCH +100 +3.790 +099.9 -0.084 -027.2
SI-10M2:PS-FCH +100 +3.778 +099.9 +0.417 +095.0
SI-11M2:PS-FCH +100 +4.190 +099.9 +0.147 +042.9
SI-12M2:PS-FCH +100 +3.694 +099.8 -0.339 -083.0
SI-13M2:PS-FCH +100 +4.012 +099.9 +0.008 +005.6
SI-14M2:PS-FCH +100 +3.961 +099.9 +0.155 +090.3
SI-15M2:PS-FCH +100 +3.614 +099.8 +0.006 +004.7
SI-16M2:PS-FCH +100 +4.103 +099.8 -0.127 -042.1
SI-17M2:PS-FCH +100 +3.707 +099.8 +0.161 +051.6
SI-18M2:PS-FCH +100 +3.518 +099.8 +0.306 +093.9
SI-19M2:PS-FCH +100 +4.037 +099.8 +0.037 +009.3
SI-20M2:PS-FCH +100 +3.954 +099.9 -0.183 -091.5

SI-01C2:PS-FCH +100 +3.524 +099.9 +0.214 +090.8
SI-02C2:PS-FCH +100 +4.050 +099.8 +0.070 +078.0
SI-03C2:PS-FCH +100 +0.019 +030.6 -0.120 -074.3
SI-04C2:PS-FCH +100 +4.338 +099.8 -0.119 -090.9
SI-05C2:PS-FCH +100 +4.280 +099.9 +0.270 +083.2
SI-06C2:PS-FCH +100 +4.128 +099.9 -0.017 -005.8
SI-07C2:PS-FCH +100 +3.941 +099.8 -0.144 -091.2
SI-08C2:PS-FCH +100 +4.182 +099.8 +0.001 +000.3
SI-09C2:PS-FCH +100 +4.266 +099.9 +0.150 +064.1
SI-10C2:PS-FCH +100 +4.162 +099.8 +0.128 +062.4
SI-11C2:PS-FCH +100 +3.736 +099.9 +0.005 +002.8
SI-12C2:PS-FCH +100 +3.834 +099.9 -0.056 -036.5
SI-13C2:PS-FCH +100 +3.929 +099.9 +0.175 +065.9
SI-14C2:PS-FCH +100 +3.912 +099.9 +0.034 +029.1
SI-15C2:PS-FCH +100 +3.614 +099.9 +0.034 +047.1
SI-16C2:PS-FCH +100 +3.607 +099.8 +0.003 +002.3
SI-17C2:PS-FCH +100 +4.425 +099.9 +0.335 +094.5
SI-18C2:PS-FCH +100 +3.815 +099.9 +0.091 +041.8
SI-19C2:PS-FCH +100 +4.348 +099.9 -0.357 -095.8
SI-20C2:PS-FCH +100 +4.152 +099.8 -0.210 -052.7

SI-01C3:PS-FCH +100 +4.995 +099.9 +0.319 +062.9
SI-02C3:PS-FCH +100 +5.673 +099.9 +0.407 +097.3
SI-03C3:PS-FCH +100 +0.001 +004.0 -0.014 -013.0
SI-04C3:PS-FCH +100 +4.994 +099.9 -0.171 -080.1
SI-05C3:PS-FCH +100 +6.264 +099.9 -0.179 -034.6
SI-06C3:PS-FCH +100 +6.105 +099.9 +0.417 +088.8
SI-07C3:PS-FCH +100 +6.069 +099.9 +0.450 +064.4
SI-08C3:PS-FCH +100 +5.966 +099.8 -0.572 -070.4
SI-09C3:PS-FCH +100 +5.471 +099.9 -0.020 -008.6
SI-10C3:PS-FCH +100 +4.998 +099.9 +0.069 +052.8
SI-11C3:PS-FCH +100 +5.671 +099.9 +0.327 +095.5
SI-12C3:PS-FCH +100 +5.960 +099.8 +0.013 +005.3
SI-13C3:PS-FCH +100 +6.082 +099.8 +0.007 +000.9
SI-14C3:PS-FCH +100 +5.199 +099.8 +0.579 +094.8
SI-15C3:PS-FCH +100 +5.134 +099.8 +0.029 +005.6
SI-16C3:PS-FCH +100 +5.689 +099.9 -0.570 -085.6
SI-17C3:PS-FCH +100 +5.328 +099.8 -0.177 -053.0
SI-18C3:PS-FCH +100 +5.300 +099.8 +0.276 +060.4
SI-19C3:PS-FCH +100 +6.107 +099.8 +0.405 +069.8
SI-20C3:PS-FCH +100 +6.059 +099.9 -0.237 -031.0
