SI-02M1:PS-FCV +100 +0.212 +097.9 +3.576 +099.9
SI-03M1:PS-FCV +100 +0.001 +006.9 +0.001 +004.8
SI-04M1:PS-FCV +100 -0.129 -077.9 +3.481 +099.9
SI-05M1:PS-FCV +100 -0.134 -088.2 +3.587 +099.9
SI-06M1:PS-FCV +100 +0.087 +096.7 +3.524 +099.9
SI-07M1:PS-FCV +100 +0.102 +047.7 +3.410 +100.0
SI-08M1:PS-FCV +100 -0.013 -020.3 +3.063 +100.0
SI-09M1:PS-FCV +100 -0.163 -064.6 +3.645 +100.0
SI-10M1:PS-FCV +100 +0.126 +087.7 +3.039 +099.9
SI-11M1:PS-FCV +100 +0.051 +047.7 +3.484 +099.9
SI-12M1:PS-FCV +100 -0.115 -057.6 +3.488 +099.9
SI-13M1:PS-FCV +100 -0.065 -095.0 +3.488 +099.9
SI-14M1:PS-FCV +100 +0.118 +096.2 +3.563 +099.9
SI-15M1:PS-FCV +100 +0.081 +051.0 +3.111 +099.9
SI-16M1:PS-FCV +100 -0.135 -097.5 +3.479 +099.9
SI-17M1:PS-FCV +100 -0.122 -078.3 +3.103 +099.9
SI-18M1:PS-FCV +100 +0.084 +085.9 +3.013 +099.9
SI-19M1:PS-FCV +100 -0.036 -018.8 +3.632 +099.9
SI-20M1:PS-FCV +100 -0.042 -038.3 +3.323 +100.0
SI-01M1:PS-FCV +100 +0.061 +055.1 -3.166 -099.9

SI-01M2:PS-FCV +100 -0.026 -020.5 +3.116 +100.0
SI-02M2:PS-FCV +100 +0.126 +082.9 +3.632 +099.9
SI-03M2:PS-FCV +100 +0.017 +082.0 -0.116 -085.6
SI-04M2:PS-FCV +100 -0.131 -095.2 +3.452 +099.9
SI-05M2:PS-FCV +100 +0.099 +045.3 +3.639 +099.9
SI-06M2:PS-FCV +100 +0.102 +072.9 +3.501 +100.0
SI-07M2:PS-FCV +100 +0.003 +001.5 +3.454 +099.9
SI-08M2:PS-FCV +100 -0.052 -030.7 +3.554 +099.9
SI-09M2:PS-FCV +100 -0.033 -035.3 +3.428 +100.0
SI-10M2:PS-FCV +100 +0.229 +097.1 +3.520 +100.0
SI-11M2:PS-FCV +100 +0.130 +065.1 +3.354 +100.0
SI-12M2:PS-FCV +100 -0.132 -094.8 +3.569 +099.9
SI-13M2:PS-FCV +100 +0.060 +025.1 +3.504 +099.9
SI-14M2:PS-FCV +100 +0.051 +079.9 +3.220 +099.9
SI-15M2:PS-FCV +100 +0.048 +031.0 +3.143 +099.9
SI-16M2:PS-FCV +100 -0.070 -075.5 +3.384 +100.0
SI-17M2:PS-FCV +100 +0.123 +081.5 +3.658 +099.9
SI-18M2:PS-FCV +100 +0.149 +086.7 +3.134 +099.9
SI-19M2:PS-FCV +100 -0.015 -063.5 +3.488 +100.0
SI-20M2:PS-FCV +100 -0.112 -058.8 +3.558 +099.9

SI-01C2:PS-FCV +100 -0.001 -001.0 +3.190 +100.0
SI-02C2:PS-FCV +100 -0.084 -028.1 +3.590 +099.9
SI-03C2:PS-FCV +100 +0.061 +065.3 -0.057 -038.9
SI-04C2:PS-FCV +100 -0.237 -057.8 +3.602 +099.9
SI-05C2:PS-FCV +100 +0.314 +096.1 +3.741 +099.9
SI-06C2:PS-FCV +100 +0.028 +012.9 +3.584 +099.9
SI-07C2:PS-FCV +100 -0.360 -081.1 +3.570 +100.0
SI-08C2:PS-FCV +100 -0.078 -041.0 +3.506 +099.9
SI-09C2:PS-FCV +100 +0.247 +096.2 +3.714 +099.8
SI-10C2:PS-FCV +100 +0.119 +041.0 +2.962 +099.9
SI-11C2:PS-FCV +100 -0.152 -074.3 +3.623 +100.0
SI-12C2:PS-FCV +100 -0.269 -067.5 +3.065 +100.0
SI-13C2:PS-FCV +100 +0.195 +089.3 +3.553 +100.0
SI-14C2:PS-FCV +100 -0.096 -072.7 +3.156 +099.9
SI-15C2:PS-FCV +100 -0.145 -082.9 +3.097 +100.0
SI-16C2:PS-FCV +100 +0.094 +043.9 +3.581 +099.9
SI-17C2:PS-FCV +100 +0.314 +094.3 +3.330 +099.9
SI-18C2:PS-FCV +100 +0.062 +070.7 +3.198 +099.9
SI-19C2:PS-FCV +100 -0.302 -098.1 +3.754 +099.9
SI-20C2:PS-FCV +100 -0.037 -025.1 +3.410 +100.0

SI-01C3:PS-FCV +100 +0.059 +030.7 +4.567 +099.9
SI-02C3:PS-FCV +100 +0.135 +059.3 +5.029 +099.9
SI-03C3:PS-FCV +100 -0.050 -088.4 +0.102 +089.7
SI-04C3:PS-FCV +100 -0.141 -049.0 +4.929 +100.0
SI-05C3:PS-FCV +100 -0.051 -025.2 +5.016 +100.0
SI-06C3:PS-FCV +100 +0.239 +098.4 +5.197 +099.9
SI-07C3:PS-FCV +100 +0.182 +077.4 +4.910 +100.0
SI-08C3:PS-FCV +100 -0.190 -085.8 +5.094 +099.9
SI-09C3:PS-FCV +100 +0.052 +015.9 +5.226 +100.0
SI-10C3:PS-FCV +100 +0.191 +092.5 +5.066 +099.9
SI-11C3:PS-FCV +100 +0.129 +045.3 +5.179 +099.9
SI-12C3:PS-FCV +100 -0.076 -030.9 +4.989 +099.9
SI-13C3:PS-FCV +100 -0.015 -017.0 +5.219 +099.9
SI-14C3:PS-FCV +100 +0.257 +083.3 +4.462 +100.0
SI-15C3:PS-FCV +100 +0.027 +035.7 +4.434 +100.0
SI-16C3:PS-FCV +100 -0.175 -064.5 +5.007 +099.9
SI-17C3:PS-FCV +100 -0.156 -051.6 +5.038 +100.0
SI-18C3:PS-FCV +100 +0.120 +088.8 +4.529 +099.9
SI-19C3:PS-FCV +100 +0.205 +072.8 +5.171 +099.8
SI-20C3:PS-FCV +100 -0.089 -093.0 +4.930 +099.9
